11740:
959714
679062
2077545
153102
1282332
2285836
1775988
2350520
679881
217481
158859
896906
174604
1447591
816179
1533586
323510
1685240
2571978
1885426
1151879
539143
1899931
539325
1030579
1113813
2426691
64981
1558683
2543090
1313918
1735935
2267405
1438672
1967397
1517318
1623925
2185101
1866713
2409557
2191594
11741:
1589034
983229
1036361
1382013
508852
1956325
2024934
1427077
775263
2317528
419430
1889184
2124207
1712506
1677486
1664529
1547656
2383221
2524874
368212
2169934
1296997
1500568
1489274
11742:
2495315
11743:
1753538
2306218
122339
11744:
2470348
1318168
2555373
2219351
1685919
658797
721061
11745:
2393204
1535010
2372221
310002
1069895
2472626
546578
231140
1576855
1759415
1472421
624118
2338545
2206364
1838501
935254
1056405
1242847
244771
1939524
2316326
1048172
2004113
1699561
919435
474571
172247
2213776
2078749
595148
1949340
1191486
2618968
1928519
1725321
2348830
1597668
1109661
2162252
1694960
1478385
1100745
1930822
721525
2236196
2191844
787531
101062
130642
1760686
2596643
950274
1486443
1907432
1447009
140196
296914
505168
1734062
2474838
1594523
2276305
1086832
18767
1962411
552526
2180261
1470295
1921559
1186154
1779659
2153493
2260998
2094905
371448
1121011
43064
1652763
280597
32844
1816571
1087720
823403
443467
1118228
573842
879596
1209818
2329583
2244060
551599
168368
1757578
833579
133395
1473196
2302421
1686558
596259
419475
353900
802617
995553
2406670
2353743
2540686
471878
2099597
1886633
1945986
1123330
399877
1627119
1048307
963464
2205832
1167865
99698
1191122
2643725
2424761
1807514
2415788
2495094
1460117
632010
394403
2018055
2504674
410788
1209051
1828615
1026894
2450559
1402931
1268883
2642011
1413695
1702033
688969
1043665
1042123
1079287
1053362
2532581
509671
1398931
734093
652918
8727
1719279
1230725
26570
1741992
2244016
2376022
1098427
1453782
1412906
1301905
1316174
393374
1849521
2006706
1559831
1648456
1935483
825993
2112241
468702
2444868
931779
436612
2039884
1159615
1070725
2144367
2284945
2066758
1786741
1783158
1984122
2170503
2120954
470981
964886
1965630
2079035
2239988
557442
389463
2464822
2509211
2230711
823455
1594057
114488
1591579
2238928
2443823
2221164
389723
921810
1834152
2105538
1048542
1488189
2124142
578263
1919643
2418704
1640730
2039899
941950
1106543
1843121
2170557
1131434
1302560
410155
1629585
276848
2449033
1899710
2207546
571712
595737
2206916
788224
227957
1733711
2273251
1981560
661739
1585224
1204249
2080842
2582404
1733839
626027
1388048
2596368
1133710
148570
333342
2326001
882383
2282922
93324
534334
409701
980698
2075156
72095
2142843
683327
915547
1140903
2243643
686431
428014
2449289
279786
1372319
2257882
659209
1178106
1939773
2229226
618229
922107
8721
967015
1829200
1512075
2102534
1707310
1079771
1399285
422050
1635114
1560668
1395470
1608391
354934
1672713
1016359
1000843
2230921
1975710
2497835
1937854
379221
2389083
860930
82273
2034961
123448
367521
1830792
863035
377398
927872
2207866
51284
1720035
1959055
650643
583579
240906
2453565
123151
977101
680411
871106
2359953
335510
1590435
1862686
204551
1351807
274081
1449405
175666
2341218
2267799
1902760
1715596
866365
604144
2158120
576145
425315
628372
1874235
10230
2379591
2547219
275028
1615810
383959
467772
785453
1754302
1423853
1871179
2524957
817781
468603
90831
784218
1132726
2561189
1140468
323182
1409490
1936778
1237909
439330
54350
2648272
593175
1903717
475942
2585055
716797
1857354
577090
1950417
145486
1921012
2001450
1624117
1943245
1737810
406072
1949165
739965
1252960
1509583
2564228
1234429
2089817
2340229
306838
61400
2424595
1240859
826830
1477732
2057246
244103
2093621
2571118
289356
2132820
1282074
2095922
2233756
443819
1693018
231516
1307771
1441073
118924
1760360
2633813
2582630
1549026
2418846
863546
1519408
1695849
682042
135352
1252416
43448
680080
2454742
2848
1538018
628332
1513673
2120559
2048500
2143121
1548374
269162
983937
1393203
2426467
2462726
1941531
2397994
2483371
2630169
211357
1189452
1294916
494208
32579
2090932
2116482
1144190
1996249
2582543
1074657
1231412
1082321
1234048
1340947
1225490
962774
1688396
2524568
2202444
2353201
680958
1236114
1524631
2646763
505441
1156616
1018087
1004453
2525801
558204
1262558
574914
2059313
24893
119512
2004666
1557713
2106524
88365
1799105
1311389
1694634
2478906
1306989
835108
665334
338730
1491762
1020449
1136346
2192407
1331713
19855
1478236
1752426
1666742
1634998
1151711
2341019
576638
2553116
415623
1577661
1083076
1758943
207567
1619540
345410
1845316
2209306
627882
261912
284760
1478543
710142
1881918
355529
955050
2258510
319125
1893583
695289
1250799
1565027
289212
409716
1830615
1884657
1497394
2129437
2070006
1178926
1153057
406555
347760
1104596
1929310
2638262
1690362
44289
2053713
40993
2515964
774003
2170295
1164841
1708487
2127678
2301138
674153
2611742
2407051
2442133
2376293
1567555
158718
2129165
2243788
2489483
1016169
423000
2403370
2270351
232859
1736212
808305
2502962
1090806
1341462
2360133
1508517
132406
1218925
480420
2380719
1024271
1290183
1317768
741594
706007
482885
2261170
1522973
446387
611466
1713760
2538610
127512
1665204
357564
2600016
601330
1265524
818366
557421
1786581
1849029
2583255
121431
1170436
1874469
1396493
1955874
165432
595747
1592820
581939
1075355
650893
329194
1946478
465784
1633094
1026043
2230158
2484878
900726
1642960
171941
1132529
951578
2204472
1709577
2347863
2359859
2102786
410542
1135865
1691481
2279885
830766
2507233
1733851
2305040
1434831
1357760
1529511
1377928
1225985
1410692
309286
871759
2581091
1845486
1071131
2030679
2207076
1585173
359116
1508013
1171345
136846
1763128
2072217
1551634
888448
940219
2143332
1489796
1778254
529609
2282821
1511538
905529
1948568
275583
1538617
2469579
1620862
1389457
903622
794150
145915
1789994
1208603
968521
1587151
1793408
987516
1001569
803032
207388
1587038
1735295
739805
1101405
1866502
174203
2536092
1399766
2445315
972144
1407836
2020645
852311
1469252
444194
1626468
1287371
787598
1453179
2109105
1213476
2140225
150142
1500464
2520144
1490805
862358
60915
1460625
1739440
963050
788547
1832833
1671551
699870
716893
1057164
238471
548935
688943
263736
2139478
155275
2439897
1913318
1454518
1874932
1848219
1574695
2620205
779802
769284
1848117
261694
914650
368380
2352027
1938891
1464983
2301108
1224306
989207
2386718
966493
520509
1268142
1739083
2477241
2072312
1593238
1633980
2508659
1316255
1511949
725411
1048871
1447789
65992
1974335
2638572
1798204
589845
1443303
1032596
669351
472613
1999043
1192523
1844351
2580075
2249126
205302
668342
682960
2323940
1413496
1705242
969536
2130735
375298
1628190
2517734
2158407
2408184
1633756
1489574
998204
314656
2276623
1258235
53134
163903
2539066
1519667
1100421
722531
989260
899071
276054
2476933
2178367
187839
869379
1403525
11656
1686415
1861937
2309026
1442746
1551096
1364553
2323714
382952
1400264
157034
1736850
991964
465836
2345099
2412993
2067205
1366261
437921
1355174
469129
2591806
1888404
2172000
1761705
1982897
2366872
532926
1075380
817726
1566368
2572899
512865
1584314
1171012
1327460
1396368
1830692
793286
59671
376012
2054256
1249357
782650
2387463
2616559
793860
1465895
1358280
2357591
1194690
1900292
1105295
2202614
637202
1626562
2417422
1156546
1854370
64406
1721741
1581783
2065575
2107425
1262862
1474395
1863925
1732165
431741
616430
1915564
189707
1546159
1336096
245180
447414
1246183
870170
1978257
2202326
292013
100423
644653
272564
949240
822332
282911
900145
863069
2618437
37583
1846313
2211237
130760
1459703
786459
1518220
2529313
2166687
556082
336705
2514286
2446807
164008
1930733
322272
1273011
190151
2616760
2583070
861638
1303851
358313
285177
958972
